# extrinsics (base footprint to camera optical frame transform)
ref_to_camo_t:  -0.00429774,  0.2738083,  -0.11396445
ref_to_camo_q: 0.63232592 -0.6017138   0.33654766  0.3533272


